000114
000052
000177
000026
000101
000039
000020
000044
000195
000149
000218
000211
000183
000091
000165
000051
000081
000067
000092
000157
000164
000190
000156
000139
000102
000131
000140
000066
000119
000145
000181
000173
000007
000205
000226
000005
000110
000105
000058
000166
000207
000138
000061
000075
000096
000038
000060
000041
000159
000111
000049
000099
000133
000203
000142
000129
000123
000015
000210
000100
000200
000112
000121
000170
000126
000050
000206
000163
000162
000035
000202
000055
000083
000017
000219
000012
000225
000155
000130
000217
000169
000021
000048
000062
000077
000158
000031
000116
000141
000109
000054
000172
000033
000193
000152
000186
000043
000146
000080
000063
000136
000209
000180
000117
000175
000086
000143
000215
000227
000027
000182
000151
000224
000069
000087
000118
000221
000079
000004
000019
000147
000029
000179
000057
000144
000098
